[[ 2.99767823e+00  6.36049626e+00  4.25541242e+00]
 [ 2.18249180e+00  6.70589763e+00  4.65424439e+00]
 [ 1.23558421e+00  6.49705790e+00  5.10801587e+00]
 [ 3.14743984e-01  6.50025046e+00  5.41524720e+00]
 [-4.24439935e-01  5.99000334e+00  5.16239582e+00]
 [-5.49189182e-01  5.11923441e+00  4.81953811e+00]
 [-7.11028164e-01  4.23926251e+00  4.47722179e+00]
 [-7.43655519e-01  3.25010907e+00  4.39417185e+00]
 [-6.44016931e-01  2.42884099e+00  3.81426624e+00]
 [-4.46122397e-01  1.48313352e+00  3.75714529e+00]
 [-3.26280883e-01  5.55120979e-01  3.65400696e+00]
 [-1.22212506e-01 -2.39380790e-02  2.88905235e+00]
 [ 1.22117077e-01 -1.94054324e-01  2.04132058e+00]
 [ 3.43482322e-01 -1.00763853e+00  1.43121141e+00]
 [ 4.67339757e-01 -1.97733484e+00  1.47840966e+00]
 [ 6.42130957e-01 -2.92741256e+00  1.35577103e+00]
 [ 7.04757940e-01 -3.82491399e+00  1.49514685e+00]
 [ 8.86809653e-01 -4.66848277e+00  1.90714452e+00]
 [ 1.10437020e+00 -5.45700605e+00  2.35333178e+00]
 [ 1.16971463e+00 -6.48518224e+00  2.61330749e+00]
 [ 1.22302738e+00 -7.43417823e+00  2.44927763e+00]
 [ 1.27333586e+00 -8.36286576e+00  2.13163478e+00]
 [ 2.07169994e+00 -8.93656310e+00  1.95108944e+00]
 [ 2.96377796e+00 -9.34409238e+00  1.94743363e+00]
 [ 3.92657634e+00 -9.32840920e+00  1.80224347e+00]
 [ 4.31432291e+00 -9.31549851e+00  9.04936014e-01]
 [ 4.65457647e+00 -9.40725750e+00  6.08094101e-02]
 [ 4.51037745e+00 -9.60748427e+00 -8.65624593e-01]
 [ 4.34022442e+00 -9.82506736e+00 -1.80592706e+00]
 [ 4.33848693e+00 -1.01154681e+01 -2.78415719e+00]
 [ 4.78957301e+00 -1.02830575e+01 -3.60935651e+00]
 [ 4.91586411e+00 -1.02654498e+01 -4.51752462e+00]
 [ 5.19487908e+00 -1.02948506e+01 -5.44213758e+00]
 [ 5.54779596e+00 -9.80675382e+00 -6.19858018e+00]
 [ 5.20977260e+00 -9.07498735e+00 -6.71926099e+00]
 [ 4.66121313e+00 -8.35106217e+00 -6.80488765e+00]
 [ 4.63225400e+00 -7.40452175e+00 -7.04204140e+00]
 [ 4.55425035e+00 -6.39336942e+00 -7.21791923e+00]
 [ 4.25899503e+00 -5.46302314e+00 -7.19071348e+00]
 [ 3.67459054e+00 -4.73252157e+00 -7.14027597e+00]
 [ 2.67668896e+00 -4.33394254e+00 -7.11416501e+00]
 [ 1.83640442e+00 -3.92862385e+00 -6.91352792e+00]
 [ 1.30155412e+00 -3.61442647e+00 -6.12579757e+00]
 [ 1.12378713e+00 -3.39591153e+00 -5.22368911e+00]
 [ 1.49593567e+00 -3.65123464e+00 -4.42102350e+00]
 [ 2.12941470e+00 -3.55028347e+00 -3.78328069e+00]
 [ 2.87212760e+00 -3.56817547e+00 -3.09304669e+00]
 [ 3.55407491e+00 -3.28497785e+00 -2.47400743e+00]
 [ 4.03595037e+00 -2.95122197e+00 -1.70097430e+00]
 [ 4.45213772e+00 -2.42015846e+00 -1.01382369e+00]
 [ 4.57878912e+00 -1.69134713e+00 -3.84563965e-01]
 [ 4.70182786e+00 -8.72561551e-01  1.80776950e-01]
 [ 4.50103579e+00  4.96354045e-02  2.79365477e-01]
 [ 4.13670307e+00  9.15970104e-01  5.36820204e-01]
 [ 4.13400129e+00  1.75865415e+00  9.06636409e-01]
 [ 4.12279733e+00  2.66060470e+00  1.43921885e+00]
 [ 4.08868278e+00  3.51936123e+00  1.88518658e+00]
 [ 4.07448139e+00  4.19453975e+00  2.51079369e+00]
 [ 3.67025459e+00  4.92386065e+00  3.13159231e+00]
 [ 3.49606594e+00  5.64515936e+00  3.76800938e+00]
 [-3.08992307e+00 -1.55904779e+00 -2.37549021e+00]
 [-2.38562083e+00 -1.55028151e+00 -1.70054061e+00]
 [-1.78208006e+00 -1.47551265e+00 -9.68966428e-01]
 [-1.12476211e+00 -1.01249276e+00 -4.39603643e-01]
 [-2.72532233e-01 -7.75473244e-01 -1.50215668e-01]
 [ 5.58942402e-01 -3.13554927e-01 -8.53043991e-02]
 [ 1.26025930e+00  1.91012449e-01  3.50562521e-01]
 [ 1.55212506e+00  1.83835073e-01  1.25131827e+00]
 [ 1.79423119e+00 -1.68434136e-01  2.11603763e+00]
 [ 1.44249709e+00 -4.46330088e-01  2.94866175e+00]
 [ 1.01418268e+00 -9.74985017e-01  3.65074811e+00]
 [ 3.87574876e-01 -1.08934412e+00  4.35523089e+00]
 [-3.43097736e-01 -1.71342863e+00  4.61407704e+00]
 [-1.01626104e+00 -2.42381592e+00  4.86806114e+00]
 [-1.86282271e+00 -2.82221305e+00  5.14226840e+00]
 [-2.86522392e+00 -2.97014185e+00  5.13095033e+00]
 [-3.54486777e+00 -3.21021727e+00  4.51024052e+00]
 [-3.88519197e+00 -3.45311939e+00  3.64679017e+00]
 [-3.43264872e+00 -4.31967410e+00  3.30551757e+00]
 [-2.78056963e+00 -4.54605260e+00  2.53888976e+00]
 [-2.08813592e+00 -4.91970937e+00  2.00320005e+00]
 [-1.53463057e+00 -5.20171312e+00  1.35744732e+00]
 [-8.07693557e-01 -4.79431851e+00  8.86117624e-01]
 [-2.22947971e-01 -4.07424411e+00  6.29665502e-01]
 [ 1.14248228e-01 -3.33675425e+00  4.89996232e-03]
 [ 6.97832155e-01 -2.79158909e+00 -4.94000405e-01]
 [ 1.38198637e+00 -2.28240281e+00 -1.03138862e+00]
 [ 2.16967886e+00 -2.07481444e+00 -1.60401382e+00]
 [ 2.95485859e+00 -1.96124539e+00 -2.11798391e+00]
 [ 3.84397852e+00 -1.72852309e+00 -2.47893265e+00]
 [ 4.73201163e+00 -1.71692153e+00 -2.73272156e+00]
 [ 5.47357487e+00 -2.30777132e+00 -2.87272036e+00]
 [ 5.81652051e+00 -3.16737599e+00 -2.68693188e+00]
 [ 5.53533050e+00 -4.02988993e+00 -2.52806381e+00]
 [ 5.48909527e+00 -4.83921947e+00 -2.01566706e+00]
 [ 4.93931053e+00 -5.77828633e+00 -1.92315631e+00]
 [ 4.03935021e+00 -6.07299502e+00 -2.09186879e+00]
 [ 3.13398051e+00 -6.29425621e+00 -2.44632653e+00]
 [ 2.47739452e+00 -6.94703505e+00 -2.83597613e+00]
 [ 1.90716488e+00 -7.28169950e+00 -3.52990992e+00]
 [ 1.41202244e+00 -7.36900095e+00 -4.30566729e+00]
 [ 1.09762624e+00 -7.57233209e+00 -5.20830250e+00]
 [ 8.08140673e-01 -7.37709136e+00 -6.16950872e+00]
 [ 3.97860999e-01 -6.93591194e+00 -6.89376477e+00]
 [-3.49900407e-01 -6.62750292e+00 -7.51552593e+00]
 [-1.16111303e+00 -6.44939683e+00 -7.92076827e+00]
 [-2.10142955e+00 -6.43609980e+00 -8.11163796e+00]
 [-3.05091339e+00 -6.42629968e+00 -8.20034022e+00]
 [-3.97044945e+00 -6.23943031e+00 -7.97923069e+00]
 [-4.80347040e+00 -5.83869285e+00 -7.91996175e+00]
 [-5.50211134e+00 -6.05630800e+00 -7.38802578e+00]
 [-5.95007128e+00 -6.04959724e+00 -6.51479618e+00]
 [-6.55973976e+00 -5.30727834e+00 -6.27188073e+00]
 [-6.89584034e+00 -4.60232137e+00 -5.70092299e+00]
 [-6.85880695e+00 -3.75595203e+00 -5.22225715e+00]
 [-6.52310175e+00 -2.88497900e+00 -5.04440321e+00]
 [-5.79389202e+00 -2.32932352e+00 -4.94954138e+00]
 [-5.02163687e+00 -2.03683651e+00 -4.37079386e+00]
 [-4.49969945e+00 -2.05991805e+00 -3.58743593e+00]
 [-3.83079668e+00 -1.65055046e+00 -2.98420131e+00]]

